64606230
931976425
902445092
577819161
713874523
589228420
414437754
700248828
946112512
684886599
212064884
874307398
777171256
135011876
22228144
915254024
155893140
942385775
37681410
637265645
630695201
42166278
246624111
635654843
915028945
351336
118432220
758795178
39016461
716341375
401444185
809285514
126349457
513101230
292575900
378679580
285312155
327525307
29737802
166788064
449322984
94475591
605233250
317397743
446676864
964731506
88611496
679616717
225058080
735499005
48999242
265473515
385719511
872939350
275315138
64752578
322241493
116760121
67214596
728625262
929443733
584105320
494326387
346228735
257084470
970316988
732820425
547965894
273853207
990159689
786702714
434635064
954347917
557110548
181098560
142672274
788404917
728509077
323375266
819445707
957686203
254161774
28785151
663936253
845309401
346855612
800943209
522401216
587096025
51012314
226399399
917105465
549619255
885049128
945478708
36504187
442620066
631457482
174549488
680416941
809677771
723650787
13291534
258871408
509609721
47583383
289881262
507949076
842754974
856597111
906818821
804827084
146751423
647218378
870965055
995422735
72450161
423015793
661185827
995418353
480317904
115465348
531905236
771356612
187151174
102866666
314563890
466324506
613056336
904189732
483776785
997884975
281986520
700956824
304116455
619010512
970847077
245730946
280239245
515362588
365068061
923512225
963154640
327121278
312402121
18846874
453236204
647074811
891799937
809375891
427052983
150253659
637030007
652742548
152605680
562825494
517838274
968943425
933708258
922361139
839190117
172023827
534369011
8429193
260610360
39591154
626918129
353005298
314785600
516848940
676215387
163286996
14558582
20655328
541765665
814356789
617663248
587577798
792791064
23825099
422859782
929366006
498951094
748336612
698646179
928599954
9494144
35620866
481132862
794633640
723722100
834661674
467073237
360522256
193843125
281090530
927983721
626829611
72734354
900105662
646109488
234566831
859370786
590015803
442366896
48662676
987954056
426409567
633160978
761051232
529383749
660644671
294155602
454017001
400467627
151338302
48972227
329464552
96561004
556424446
249312918
814019219
426186101
264189573
618939608
504656123
411617474
478950842
420865369
944174527
751081927
423558241
185950783
814965595
319389773
154908960
335011412
600404969
152911003
11162513
435691719
875862634
120755704
74385331
85879749
263872756
28798079
652715641
909998591
220376505
225265268
309246191
549402604
639415921
395157111
21336758
646613950
254227333
22327224
877189639
45990565
836656969
219362648
760572597
976354747
403402743
434756281
107194183
553514685
918732362
571684986
184708771
493197089
124596391
232441301
111470927
718089506
837142457
635490994
316710306
178291064
916881338
121052468
710424067
322173546
874683119
415949225
983538613
471985693
839183904
87706425
948200482
554074176
123062252
900986520
192629465
507711296
137925143
481932968
252071100
541263287
951128393
115112597
258786127
139438628
542388439
716654037
38913742
356949522
468817461
226559666
604560080
264091962
427122118
155971903
723747310
276794677
920924995
829800717
903680357
988517428
499345427
204343553
93280490
318534531
867418852
947713067
56337708
696455989
966219185
894598558
182735276
706054030
996923544
550421831
566542519
28008049
949486201
521530761
168130305
714658788
288018067
474347519
608624382
44927219
827947002
741928948
381262307
324564688
292973530
669409711
882751400
932997625
256088724
614891954
59110912
176539502
731116991
242476899
704991314
171507536
477990213
3598663
821952562
159373502
687712740
665482731
375120618
104886917
487937139
80230913
419840372
562124502
81633206
341140559
607970698
957954328
263777055
973353868
149133929
86031105
493203482
788280184
663530551
962414539
381554172
678280111
842326058
635086388
847070496
482441237
402845250
667038010
731988748
38151711
640459130
982418583
516457877
39812303
283093416
689733298
343256729
175414879
850483994
751179962
589105528
714099200
340432297
82337711
406844012
297426902
330246363
875496791
62220694
580996924
743835314
847043436
665457525
706941072
906055169
825502432
9152712
785566581
373470302
558822273
966004961
375570266
678265655
152752553
357750614
574690293
317346428
286795404
880847318
308373264
377566368
433815859
703613888
264208217
662042297
243273527
677250339
637800434
471484520
427759935
488937434
535325686
121892901
670555505
849323315
881869083
873885933
623649316
5924588
803289560
317366993
193874411
268249000
799387412
839313907
745465216
949035191
430009364
637931273
106231573
851620476
477569335
3206762
257159073
158513733
31491984
257455230
100819393
275463276
101520762
142616976
642107049
413450728
386521845
581156349
253579483
885764359
309930108
217757091
609357795
339653417
122186077
29099020
800372335
806209455
100768469
627182287
209486786
200933456
737190905
640968148
305737666
576658527
181794943
401093798
556301082
866988177
663387318
695664218
642800526
56693720
204960577
8332366
665778884
87016995
115271629
93980120
694709865
935974342
603135914
931461798
440923350
542934217
396417192
350233735
724852663
264850896
400812141
22305828
841623645
96487918
721936458
254776734
283066959
455389258
340111693
879311505
959268140
819373350
939434732
636731680
959436845
11102991
157181991
861903270
783635347
763755239
266272999
247828781
251516118
635442742
436276096
607476259
166576509
635051918
220486931
348300115
578548396
690108913
974421453
892594774
199215726
796937752
248796047
860707612
833081351
541534891
933383224
533909875
731692098
932672614
200714558
346687703
588478554
64635277
194020556
667124633
859315412
673618000
868845252
989819656
563047311
552170194
844922844
392588452
653415155
637907573
851084450
865610234
551691259
713034117
751209515
184151770
794118725
189912522
222468901
387491867
95926115
322459790
607150179
486044137
302781800
679096164
815866518
508303570
893754419
953167499
872107356
765477794
132115358
968356251
196236831
497361976
262847535
260867693
325435236
541784113
532932500
935593212
565082898
691943404
165907931
662173209
448031295
801819222
692905091
149352147
385561321
357504786
964034923
529397376
370077783
557929977
307064738
226914572
17558761
151050106
290548056
594245954
631124126
843440472
219301414
364809865
493180991
705402638
326678676
956693944
390211688
201148666
597439453
973282750
273364158
62069958
226961056
984291400
639895421
495343933
642986847
182981984
44335043
853065674
810537025
587949049
111005206
276799230
877198841
765526643
396292887
731394386
89266191
870785714
667061383
942188970
577354589
446867048
38026571
373018934
605964658
222450483
340480626
448689371
138915957
612530760
944206640
731020702
102846706
516359238
535510382
416482243
477141626
575455467
646083304
496306386
761427665
990037491
944880831
848786947
60934695
275918505
150640511
578865604
205207761
936915313
61322080
725796733
830023680
323703406
504953348
690976326
807369254
4026020
619962239
803629157
115390080
728709689
551046224
11035209
990858780
690772063
797212392
461744015
984725337
194221045
135365061
681380327
882527244
691356134
833337869
126774319
391724815
448799944
16256492
150450825
853261780
727711879
925036977
848115559
980271003
908439193
150165258
571175491
413375692
325374673
938161317
435380029
701666901
105042079
202500801
575573617
181394642
930410318
252260416
391549287
331671258
636941402
967600266
625356180
443445473
137962740
298319546
89437913
182389856
208607376
836227883
475648725
181805848
291234362
358079228
889516323
298957780
613024081
470109138
81412402
341931777
502447839
133109348
166288995
577498337
558768661
639381853
957283045
531571141
405288965
344092707
374450294
633657003
737793977
790046884
251509009
764069973
790088996
75867665
209937869
931658267
997383161
410576093
981963128
299335163
683805861
938073317
584176526
704670811
288026079
144922225
519326134
248710050
822135360
716988837
471537013
837323722
689417603
174172025
46276869
805833064
355726493
25912556
32906279
421061936
542606604
416735771
231008145
102649381
5924620
525049330
898261343
854685459
10219490
410334670
638159305
509851231
414187652
123576159
56013914
675156735
547359208
722905375
824405626
52165428
695253472
105358948
131676880
392264053
476352081
679740810
225249482
675422241
719626295
881946364
678263735
265352844
390739177
881091640
525758651
152144703
697320814
748392332
132767784
331563363
89932076
329905676
464783516
863238919
564768189
997968994
992303800
343086821
644774927
106487332
851400497
144775135
73524432
798212250
933077289
341607398
206983113
756002652
692344517
585707821
16388334
15006935
200705728
969144334
172092320
345288077
338593611
801852762
665106637
116629293
334652731
711807
241233111
402994631
65488359
191203113
591742429
541625269
627653703
50080075
568435941
587778680
738192809
443718417
127673518
320794325
294993463
997781741
574673562
530936340
189966210
757729358
646055065
298576436
642477932
596959281
466270198
394460906
463429607
139030723
464643138
849856354
445072947
127555373
18503718
204869287
822454624
921420449
588308584
54075344
494715586
112158043
435200978
469823272
462042610
466551738
98781642
84862277
385665038
982891567
833638347
393382038
142622547
472895020
492975004
55924417
442821345
624794692
752668698
468202613
650533101
298023462
880554228
266716353
356116679
358117539
379220226
755155470
192620538
703824711
769424270
737324979
462691279
597206133
746990005
383616600
361457851
806471924
813349172
229082088
765411704
338652966
863219368
664909886
478888817
162309549
82552391
777314925
265934269
928320907
82610850
870101809
316198506
195571997
273642481
669893273
765735576
99519890
139007021
352024557
426109519
843450695
81924735
963326748
286654740
391548978
651264489
614419833
420706267
593791601
352024217
314630729
143435535
263691499
658767063
2171268
254592016
516665750
579549036
833900478
639535482
505050066
884067928
293850899
380616260
943282306
397384974
439847763
839410603
565198628
540277991
347233133
310527214
415885518
331934645
232914111
545636873
593680933
643184456
977722921
68351739
131103586
244798583
642545768
252425718
461252463
695225656
382803594
979183675
885410902
456244291
482895693
200850154
463081077
848316102
47485893
742011767
293299932
475404970
620661415
201652171
614025698
6635527
784448839
208959173
319964567
536940836
684317269
386785614
640959958
874543721
768746490
818702024
447109208
40169543
339200084
236649678
759438875
189807620
351263482
35209152
577929772
451069603
385869204
723165670
334507222
289367240
4408363
890354479
444695240
71468049
266695342
307376339
81737432
102306545
163533143
701804534
338837058
466947382
804834851
321962230
631448850
345727500
492592306
34674151
227468448
348142623
526834357
629932310
128776571
642416046
323895721
708986209
327980088
846225108
481023942
324366816
379418165
622888138
44536060
327450465
706082979
763604689
280992886
157689564
246771808
519201979
565524840
354795479
30527034
500176493
304813596
498596601
448615407
988222973
742576960
361129285
130689156
934587492
450556695
487259984
772903951
130607307
11274848
265996335
970601727
515062854
82351247
975487197
733552100
828053488
289668420
621009996
588964903
394091211
920470272
199705803
221909707
680595572
725406416
625626215
47006993
701183486
515749115
175301990
939004118
383726979
427918766
65019077
891491954
297003699
914027818
685961334
63205086
431647929
790193211
567729916
212124794
189023223
938537204
415906134
178872690
533817858
299222309
322016216
239314552
200164550
530820106
390468120
858793376
600286170
617650153
173222454
290688249
174775832
964375517
977728414
706173704
926668256
667286067
938160686
716170997
462468475
313807675
135390442
768545275
665870634
637660877
988835448
158317042
538145130
246931938
824173929
14074660
7857485
417060920
74110417
129573068
956954105
852740270
693237967
285875601
499394641
339226363
587889785
930304997
234699340
400742572
875441021
14353948
448098189
337846855
693575811
770860212
339499548
97752630
117615031
289803593
237849380
880217624
363865230
388634332
248080621
358196781
739174346
801838224
961822380
513994275
148526753
736836416
462827852
813615621
292348396
661925738
702130616
661625603
721841775
127790297
558774725
433056244
129369066
846190011
394927367
177809425
27547183
92100053
959730977
957187152
21942928
125116418
747828832
774043981
924674105
881816019
442059145
623104063
530583293
189846491
866921181
880316988
834874361
709078704
844965455
441266745
991769949
815243383
270731837
360987570
884006471
723036472
428352819
554224757
729345678
831455343
677076006
720758132
744709356
588171890
698607896
790344977
326631430
344093839
847101212
837359537
737295806
262307287
379292260
354189654
42203697
433675444
293864172
441253016
750875591
363774212
986648417
687236927
694224437
267274737
171458650
552505887
32845614
749911606
183440398
747473116
199135996
175504928
558331814
130153734
621570376
931552147
592919766
564316042
802558784
191659921
585845243
536923398
51701483
526517860
60236964
666424999
950751566
141258037
790800057
809590714
649370142
353652041
594632896
926378731
475164244
693342511
710408905
394888605
282326577
598019014
594147024
891098685
154155807
487223795
426483604
221968062
950031634
616187997
701281255
541768890
607204814
735054911
824847018
429863181
748734885
800122351
326332468
477203935
73361106
213048497
112639949
833655276
298835732
200679998
775297874
624684227
199702218
413735637
485864827
46861475
215800432
275936204
989690188
526039136
363092278
292438403
191198688
592938030
974784933
9791901
483169621
954077602
59414939
785126591
501130083
508964664
939578699
147200020
36688714
924578099
210058518
473892485
736199204
192511332
483689112
835172059
132975368
301982360
930366278
197160397
345480868
21650197
359978917
147958096
894899442
492825503
944805990
488915597
533093527
616461346
720099432
890187974
437993590
478494851
727502108
993785056
937847038
583704181
550983448
161966019
972563976
603083507
654981388
470182699
242452819
844715756
470669079
123314793
32756413
729322932
504116303
514172184
148009134
146182556
909189723
287340853
647656033
884553256
329488053
514308265
402476154
342248602
80548599
122418557
234376588
640842118
314796651
890015687
272567416
899184417
677102932
134671713
468510583
96134197
948654296
944938752
37565835
31627385
864648843
208921053
668205887
679407821
332749593
157405280
462601837
732145674
794197576
532126583
592413250
192108279
363913520
257766136
210706186
308918625
980122395
272591311
882233059
146183744
41213894
348435519
700691607
789833615
973667636
135184528
178788070
952185856
870398730
584559128
366561713
46108611
531753790
225867982
128534299
146882602
396168212
979456560
625467410
575077948
962950116
250756365
570955794
313306974
608880974
711740491
994562323
259467337
965533516
63217305
475641223
137832626
787789399
88156509
611825571
17036886
243686390
275300302
456188868
53399949
209208904
957547894
887246775
339878990
632727897
993278491
117412689
385008823
992370376
141011715
961243211
863476899
791448308
347931600
85380388
934720399
861071688
813043638
764866282
52583438
440035343
163047414
602954600
36818401
864734378
778136899
210115969
918448737
457567745
413584151
390869589
366393273
168533382
188964689
39092285
656551421
283881564
945951028
576930364
746236234
553066677
225988112
203483053
987365952
788871175
856046324
292224629
737904130
829449810
667820511
86385095
30829029
529304895
244526679
610847473
501602473
161735041
256554222
640980421
612967079
656649291
532853283
8204204
747738985
32932726
692257359
519970586
93343297
560881961
37334955
789305355
666641878
440589400
99510845
428070011
790184070
195178506
867871361
640397935
37071458
896995897
500080784
62506234
595456066
840770887
736954839
624029739
634860760
192481055
873660640
893926850
888822891
962697372
35078645
606588232
742306560
403122170
570546141
63325052
537557797
307051595
912557735
777845889
784689708
827978131
223070583
411405954
797477161
759505925
746042861
464729283
907204066
246865997
572066376
921159026
710851085
135846923
641117639
237581464
46181452
508482598
550111584
859240396
816994357
584735437
408243574
423420697
326153805
235105211
681284662
50243339
802113589
871453238
840464799
807354410
60777767
174934457
126710133
642532493
860333250
201724455
9379496
931767877
372743310
945138716
743031383
400490665
406759967
807798643
138068463
419516082
504161297
313649231
338823846
768040913
467093221
229807114
959863433
635761511
838752410
659989562
440030541
458678603
113252082
639152124
513747981
87578761
227898910
431894984
474681179
289698461
822027210
791327835
134918142
397670792
274129938
840656375
639887680
922449916
721682335
542885001
964293398
407522273
272976658
850565258
962309926
955432519
48397199
536617492
37390176
280126745
811170385
634390273
962999726
446197440
917869111
598022893
834107928
478920699
697466146
758521789
961789116
361745773
822512439
171737646
40712484
646467748
851544588
982678843
819316428
497627643
436949162
82754975
369705683
297018665
458181957
11789640
96309121
913398812
590939690
62687912
42183844
296348479
995266324
391940227
606363331
750979711
27425229
968466990
301315177
388320263
343217859
899369761
409885045
370421055
761746431
168002574
241835633
941293020
135334859
501835316
616868865
377608750
288316483
947929952
467627075
840331769
180935940
840494427
555930213
772900199
874604945
568120562
542592886
366776971
965062189
324366935
897377668
414279676
963321915
707456883
26796155
461379455
610988289
252007567
316817964
358061731
979241488
182932268
656011565
228613342
515240267
253681350
626102484
802787691
229604612
945078120
877362669
594651871
352347930
676607715
875591018
907634504
816073561
10674834
80866576
928832297
10661588
414317870
516445392
551227762
759054975
160321828
708221536
388539090
469590691
321041185
116272278
884373065
75456036
673131323
391029578
366580533
264536838
130500931
923711163
8776766
643782185
82381530
248176936
858612965
774132693
595476424
832750295
344750253
122607472
339879931
372147860
253198816
256986412
702928370
802670461
896330310
791483113
676804549
353946089
286839530
339975674
175264951
653415455
628135856
315346811
624261625
556477900
279830915
18189130
314359350
276650722
753012777
928336582
188720243
31630069
234349407
592212754
405554591
863865648
633244585
197248291
798175215
508690319
678363665
492257648
816278005
137240614
941416141
935954642
91473986
875194333
216881462
193764561
141345669
218237948
230897810
260062963
756326221
184403280
465881529
553338168
419446714
664163013
415845790
218416132
842693258
813196206
6570379
638245256
696167770
305102262
147504220
732540513
131076821
734729126
215994581
834729180
85063436
278655498
18107638
173149428
408087296
272830288
26319929
797672428
181807210
250984485
560024364
831736123
438293295
756687236
661269148
69855673
244151285
614246495
44834167
173480869
404564839
480509023
990867641
502379073
889846492
147522200
320458799
230942925
772594413
443477780
332533332
507164158
565687459
666318182
19851808
478690869
895044825
177962843
345699632
852467466
576267297
875757675
744541930
371426237
629527094
163068479
899310764
126541635
867551652
799900886
997783705
57772438
392354201
261226698
875765992
97957670
203789008
373976496
152074117
739529951
695269244
573178935
207459574
760245498
672101662
11579196
758161840
919407647
418730686
254762468
385311768
182616609
757360876
429506124
443393165
896419302
698042735
936107667
188597513
504266516
278185356
182694005
101436152
743410721
385428911
262692256
784541870
755980119
782132622
447474154
733132728
371605565
951107544
141249286
64275053
29090159
372160239
495910857
378982699
234354021
751461695
330393807
542396873
576927699
149492706
526063438
884529760
101336780
899670833
256371747
423369822
906254027
272139323
789225833
487678316
87347775
152008889
928706759
262768443
302175836
633190378
109723468
586844704
443098533
963163186
324811566
717501690
566368069
823725131
257338622
413096637
116353935
305184247
132305956
960872031
661204215
904779549
999407004
746012381
20577767
710264379
181378273
187049316
465957833
296800453
319333751
935678291
338103504
5542812
49217762
122552455
690609155
127607030
306637582
176953983
817126179
168702375
203538586
956891121
841967009
272573358
849897488
716947770
992268154
131384911
576388178
586819611
815252055
519748109
593416835
656299627
414345563
940733047
626942985
245250256
6598101
739545591
14160635
702445046
160297576
766611613
45752064
700924935
842224114
716112630
554377641
233235667
658350431
971701124
65772794
392510760
598469843
60852470
585148564
743148243
711277865
992691026
960450229
322177941
684252287
187885979
492922039
997947918
801499276
908200167
585484442
495764719
738608546
560604127
130276749
858802163
644841532
133770038
343528280
271661017
16988780
992401919
281816299
223751679
182106220
200786449
727768351
321036992
450980345
758617893
509609780
390548358
296677352
877637324
514735788
448054100
714765557
872379929
214245969
971164383
639046926
480214209
520870315
258187439
53246034
91614877
92568190
744913457
277551375
983144130
353821923
56931911
758311388
775457455
517146903
390092791
921687499
44032549
120660723
112621208
294940534
408683698
200835811
803111175
402482343
27556785
534740029
77741955
479735407
599129346
594341510
959999183
565908558
121614042
313035351
275026280
495746602
431562727
628159078
654235691
6559450
718049273
929915603
850800345
23037170
841845644
262402399
88526594
223658409
96221510
971756431
982789991
163063943
913094853
814341336
23254547
352868111
354724853
702743256
397978214
396183920
62067859
684192291
582204715
189221958
90140815
955402774
864893574
104162301
472987487
177185517
678556002
332348473
256997405
225504640
676319531
324409939
416535375
72888641
3580445
630606844
812613799
297670634
798756238
50238396
584747266
464056061
62614691
971705598
30582263
299962234
694006750
300965848
326695165
83392837
432795757
468276268
947319151
700318922
548204847
801144605
95096339
862954370
170568374
112460430
787162664
77685680
839403797
468991734
933928057
225297573
755837451
844453223
214159074
754409076
662331224
636323818
237208141
613490658
615131064
431923432
372300299
761016926
623622038
243995834
748393247
431159873
272904266
509870972
543879548
324238508
316075703
367027905
969197954
642805115
975561666
275423963
736509445
709424492
402530618
291645821
667543170
39032121
740405867
717583005
111931769
220252038
893789985
752190013
654468662
541607577
509618059
847979440
925226084
38274125
797130908
957671941
945628157
655878672
361920641
704215333
848390502
550813508
604424193
411467947
372288607
297639564
906603797
832730243
55075065
959474941
735348277
390556886
19969589
961053422
168438608
241081074
220938658
765745017
827648187
726131665
380076660
794360146
497538990
865312397
62829491
129503497
74066577
906221495
319821118
263598151
565610720
149211855
446749242
560336833
523405900
764840104
180011322
932336102
247128231
817040740
94804232
319801365
840123205
550783536
325785028
600733483
318235241
357100047
940157028
115640238
192412427
127522390
379199574
736238991
390983639
56900304
289830860
594103946
391346433
557224501
168186761
418512123
199385331
317264519
240580171
654576214
271150740
276810162
662147401
386043864
560670740
374957334
773694980
594083431
481930443
773303395
685896380
652338109
517108638
628198661
559156727
258177230
364954243
395186796
992302418
746626236
490626118
961775606
163337891
738747708
498783894
833394968
94810062
668937386
941783301
342955487
513940577
837671147
25409176
482635452
84485263
443523136
101913964
418504286
605177490
104284977
300981274
547698427
702588128
753220317
750603819
159304923
57640258
957740265
480876558
51022789
869951246
481114431
429473617
133519571
580020911
44103029
17538178
843540723
163298688
278551370
639677771
526456322
739978893
779443227
707278095
245048502
714273001
455661562
643516710
641849947
756682158
434244059
336580174
873648531
144329063
471788460
131665812
783429593
918878321
541293103
556110633
610535870
664880648
105713912
901931635
668454353
219003086
896141448
891993087
174901595
800308363
426651356
315796041
384714533
140616409
750623854
749449095
996138754
315425844
832763312
223607453
666812269
488951692
40012862
206448163
825079527
788897938
830984051
351388975
696953982
907174620
225152816
518899942
78100196
634763462
459394379
658233965
779852992
938932275
28103360
213429778
439351160
969133805
500617015
794071763
631324229
795063378
714430344
946381728
513340309
509708640
976858827
285659782
417843352
297217279
575069652
788622126
869701225
478092770
978487442
240664607
313653896
44364758
980745866
834114148
56440197
333675236
82887577
567470569
226118877
663033595
483968886
820837776
631869699
126655957
116399282
361170189
460722050
36193403
339715499
880803116
83600425
935300466
197526325
269935183
516126956
337053674
842447256
113654594
396685163
184038974
888271493
496539611
445185507
686600808
664747417
189969994
634715252
429765967
367776597
664895769
635797402
171177574
966792184
255378861
202230260
